Region	DNase	HET	TSS	acetylations	bivalent promoters	enhancers	exon	others	polycomb repressed	promoters	quescient	transcribed and enhancer	transcription	weak enhancers	weak transcription	znf
chr1:100040001-100180000	0.0	0.1428581632725948	0.4285744898177844	1.1428653061807583	0.0	1.0000071429081636	7.857198979992715	0.0	0.0	2.030728790919935	10.71436224544461	6.428617347266766	45.14317959413996	6.682904877891985	18.285844898892133	0.1428581632725948
chr1:100970001-101630000	0.18181845730069288	4.393946051433411	0.12121230486712858	6.090918319573212	0.15151538108391074	11.969715105628948	0.15151538108391074	1.1448502194700294	7.727284435279447	0.7575769054195537	27.067162222973064	1.1212138200209394	5.36364449037044	29.575802387579376	3.5757629935802933	0.606061524335643
chr1:107710001-107940000	0.3478275992504315	2.434793194753021	0.0	1.2173965973765104	0.0	15.400936525810982	0.0	0.695655198500863	0.17391379962521575	0.26087069943782365	13.468319427475773	0.08695689981260787	2.6087069943782364	43.56540680611655	19.478345558024166	0.26087069943782365
chr1:108570001-108720000	0.40000266668444456	2.266681777878519	0.26666844445629634	3.0666871112474086	0.0	15.08143387622584	3.0666871112474086	3.0666871112474086	5.86670577803852	3.333355555703705	9.733398222654818	1.9846798978659856	24.666831112207415	11.866745778305189	14.133427556183708	1.2000080000533337
chr1:109420001-109470000	0.0	7.60015200304006	0.4000080001600032	6.800136002720055	3.6000720014400285	3.2000640012800257	2.0000400008000163	0.0	46.84493689873798	5.600112002240045	5.600112002240045	3.2000640012800257	6.354127082541651	8.80017600352007	0.0	0.0
chr1:110660001-111140000	0.3750007812516276	15.500032291733943	0.08333350694480614	1.2500026041720922	0.7916683159756582	7.375015364615344	0.29166727430682143	2.375004947926975	28.208392100816877	0.7545849053852196	22.95838116329409	1.2500026041720922	6.333346527805266	9.333352777818286	1.7452119691916026	1.375002864589301
chr1:113640001-113900000	0.15384674556440603	0.8373109127342798	0.384616863911015	0.30769349112881206	0.0	12.846203254627902	2.2392393816899294	0.0	0.0	2.3846245562482933	7.0000269231804735	5.076942603625398	30.23088550340578	8.846187869953347	26.461640237077834	3.2307816568525265
chr1:114380001-114720000	0.0	1.1176503460304295	0.47058961938123345	6.0000176471107265	0.2941185121132709	6.875608457671935	4.529425086544372	0.0	9.588263494892631	2.52941920417413	14.529454498395584	3.823834775984635	33.594510572089916	4.823543598657643	11.23532716272695	0.5882370242265418
chr1:14710001-15060000	0.40000114286040817	4.40001257146449	0.22857208163451895	19.20005485729959	1.085717387763965	20.514344326698076	0.40000114286040817	0.0	11.485747102134578	0.40000114286040817	10.342886693961981	3.257152163291895	13.51318146623276	10.400029714370612	4.143726124931786	0.22857208163451895
chr1:167010001-167390000	0.2631585872594402	4.578959418314259	0.5263171745188804	5.947384072063348	0.21052686980755214	16.31583241008529	0.3157903047113282	0.0	12.411085292329718	1.6842149584604171	13.10529764552012	2.6842175900462895	23.53611456872255	8.473706509753972	7.73686246542754	2.2105321329792975
chr1:17570001-18330000	0.26315824099768553	15.143967294693809	0.0	3.9738210181855504	0.9473696675916679	5.961060475079572	2.526319113577781	0.26315824099768553	50.763093109333035	0.13157912049884277	5.421191343672821	5.868428774248388	2.473687465378244	3.921057790865514	2.342108344879401	0.0
chr1:192950001-193410000	0.21739177693864553	3.565225141793787	0.1304350661631873	6.580231696155861	0.3043484877141037	10.086978449953152	2.869571455590121	0.7391320415913947	0.1304350661631873	2.347831190937372	22.419613955682514	3.913051984895619	30.13050028369627	6.521753308159366	8.000017391342155	2.0434827032232676
chr1:198830001-199160000	0.1212124885226925	4.9091057851690465	0.48484995409077	3.4545559228967364	0.0	6.990930275546289	0.0	0.7272749311361549	1.2121248852269249	1.515156106533656	20.766426564928985	6.242443158918663	16.969748393176946	32.848584389649666	3.4545559228967364	0.3030312213067312
chr1:207210001-207460000	0.24000096000384002	5.44002176008704	0.16000064000256	6.48002592010368	0.8000032000128001	22.96009184036736	0.40000160000640006	1.7016068064272256	9.12003648014592	1.2000048000192	24.720098880395522	2.4000096000384	8.08003232012928	11.578046312185249	3.2800131200524802	1.44000576002304
chr1:239880001-240590000	0.28169053759230644	7.042263439807661	0.08450716127769195	22.57749658802336	0.8732406665361501	7.1549396548445845	0.0	0.11267621503692259	7.5774754612330435	0.0	26.788770125028343	0.7042263439807661	6.309868042067665	12.521003550709226	7.1549396548445845	0.8169025590176888
chr1:240650001-241320000	0.08955237246622756	6.447770817568385	0.0	8.7761325016903	0.0	6.76105486724607	0.0	1.4626887502817167	0.4179110715090619	0.0	62.791138494236556	0.0	0.0	13.253751125001678	0.0	0.0
chr1:2800001-3340000	0.11111131687280902	43.45082120522446	0.11111131687280902	3.3703766118085405	5.555565843640451	7.074272359763629	0.0	0.3703710562426968	32.95635732658764	0.4444452674912361	2.25926344308045	0.0	0.0	4.296304252415283	0.0	0.0
chr1:36730001-36900000	0.0	13.64713910081824	0.0	3.2941370243354378	0.941182006952982	5.52944429084877	0.0	0.35294325260736825	65.64685674621616	0.0	6.235330796063506	0.0	0.0	4.352966782157542	0.0	0.0
chr1:4120001-4180000	0.0	73.33288888148137	0.0	1.3333555559259322	0.0	0.0	0.0	0.0	4.3334055567592795	0.0	19.6669944499075	0.0	0.0	1.3333555559259322	0.0	0.0
chr1:4240001-4780000	0.0	59.703814266322716	0.0	1.7037068587164048	1.7777810699649443	7.592606652975284	0.0	0.6296307956125844	4.629638203033709	0.0	22.296152400282224	0.0	0.0	1.6296326474678657	0.03703710562426967	0.0
chr1:51670001-51930000	0.23077011834660902	0.15384674556440603	0.30769349112881206	10.412347739799	0.0	4.076938757456759	5.61540621310082	0.30769349112881206	5.307712721972008	2.3846245562482933	6.15386982257624	6.895026519332767	47.23095088827265	1.9230843195550753	8.69234112438894	0.30769349112881206
chr1:67990001-68350000	0.44444567901577503	3.611121142003172	0.0	11.856421823393953	1.277781327170353	12.666701851949588	0.8333356481545783	2.6111183642176785	8.333356481545783	0.7777799382776064	28.087855799599442	9.277803549454305	11.166697685271348	4.666679629665637	4.277789660526834	0.11111141975394376
chr1:77240001-78130000	0.04494387072345025	2.2471935361725124	0.4044948365110523	11.123608004053937	0.7415738669369292	10.943832521160136	3.123711374956601	0.4044948365110523	2.2375306039669707	2.157305794725612	14.795971680867057	4.269667718727773	27.977559525347782	7.280907057198941	10.83147284435151	1.415731927788683
chr1:84060001-84260000	0.10000050000250002	5.7000285001425	0.10000050000250002	5.741528707643538	0.4000020000100001	14.600073000365002	0.10000050000250002	2.2000110000550004	0.9000045000225001	1.5000075000375002	20.700103500517503	1.000005000025	17.500087500437502	15.558077790388952	9.200046000230001	4.700023500117501
chr1:84550001-84810000	0.46154023669321803	4.692325739714383	0.76923372782203	19.15391982276855	0.46154023669321803	15.538521302005007	0.384616863911015	0.23077011834660902	10.031961661391005	1.8461609467728721	16.19852384047631	1.3076973372974512	13.461590236885526	7.3846437870914885	7.846184023784707	0.23077011834660902
chr1:88620001-88790000	0.2352955017382455	3.3623727198395286	0.2352955017382455	2.9411937717280687	0.0	5.647092041717892	0.941182006952982	0.0	4.941205536503156	2.2353072665133324	18.5883446373214	8.588285813445962	39.225524856028564	5.4117965399796475	6.4706262978017515	1.1764775086912276
chr1:89220001-89460000	0.25000104167100695	10.666711111296296	0.25000104167100695	4.500018750078126	0.0	11.301713757140655	0.0	9.416705902941262	7.39961416505902	0.08333368055700231	34.83347847282697	0.33333472222800925	0.7500031250130209	18.798411660048583	1.4166725694690396	0.0
chr1:89680001-89910000	0.3478275992504315	0.17391379962521575	0.3478275992504315	5.217413988756473	0.17391379962521575	27.460554176322503	0.26087069943782365	2.956534593628668	6.17393988669516	2.782620794003452	8.000034782759926	8.347862382010357	21.49574563367667	14.3478884690803	0.9565258979386867	0.9565258979386867
chr1:92870001-93400000	0.30188736205162653	3.2830250623114385	0.37735920256453315	3.8113279459017844	0.0	11.35039877433731	1.3584931292323192	1.6226445710274924	5.396236596672824	2.867929939490452	13.886818654374819	4.566046351030851	23.3585346387446	12.951345191217342	11.396247917448902	3.4717046635937048
chr1:96700001-96780000	0.0	1.3037662970787134	0.25000312503906297	3.000037500468756	0.0	3.5000437505468813	2.7500343754296925	0.750009375117189	0.5000062500781259	4.0000500006250075	14.750184377304718	5.250065625820323	52.69565869573369	3.750046875585945	2.7500343754296925	4.750059375742197
chr1:97820001-98050000	0.08695689981260787	0.695655198500863	0.4347844990630394	5.826112287444728	2.0678350775438155	16.5218109643955	0.0	0.0	2.434793194753021	1.2173965973765104	27.14924847499337	3.130448393253884	21.130526654463715	10.434827977512946	6.608724385758199	2.260879395127805
chr10:104090001-104250000	0.5000031250195314	6.000037500234376	0.6250039062744142	4.375027343920899	0.2500015625097657	19.99949999687498	0.0	0.0	39.00024375152344	2.0000125000781255	19.50012187576172	0.12500078125488284	0.87500546878418	6.000037500234376	0.750004687529297	0.0
chr10:113810001-113970000	0.0	2.750017187607422	0.0	6.2500390627441424	0.0	14.250089063056645	1.375008593803711	0.87500546878418	6.2750392189951185	3.2500203126269542	15.224470152938455	2.6250164063525396	26.625166407290045	7.00004375027344	12.125075781723636	1.375008593803711
chr10:114780001-114970000	0.33684387812567435	1.0526371191427324	0.4210548476570929	10.526371191427323	0.0	12.210590582055696	3.368438781256743	0.0	2.6315927978568308	2.8421202216853776	20.52642382328328	5.157921883799388	24.315917452197116	11.24163811388481	4.526339612313749	0.8421096953141858
chr10:130550001-130790000	0.0	53.58355659815249	0.0	0.9433372639052662	0.0	3.6666819445081025	0.0	0.7500031250130209	0.972920720503002	0.0	37.58348993120805	0.0	0.0	2.5000104167100696	0.0	0.0
chr10:16850001-17310000	0.21739177693864553	5.34783771269068	0.21739177693864553	19.39134650292718	0.0	23.3043984878228	0.6956536862036656	0.826088752366853	4.8693584116487205	1.7391342155091642	24.565270794066944	0.9130454631423112	2.2173961247741842	12.956549905543275	2.6521796786514753	0.0869567107754582
chr10:22170001-22240000	0.0	4.571493878483978	2.5714653066472377	6.000085715510221	0.0	4.571493878483978	0.0	0.0	51.042157745110636	1.4285918370262431	26.100372862469463	0.0	0.0	3.7143387762682325	0.0	0.0
chr10:22510001-22610000	1.000010000100001	8.200082000820007	0.0	0.0	0.20000200002000018	7.200072000720008	8.60008600086001	0.0	6.200062000620006	0.20000200002000018	7.870078700787007	16.129161291612917	26.800268002680028	8.200082000820007	9.40009400094001	0.0
chr10:2310001-3230000	0.19565238657868106	16.173930623837634	0.17391323251438318	4.738266019854369	0.23913069470727685	4.847831356338431	3.5434821124805573	0.19565238657868106	11.913056427235247	0.630435467864639	43.21819915021647	3.4130471880947697	3.173916493387493	7.260877457475496	0.26086984877157476	0.021739154064297897
chr10:27480001-27510000	0.0	9.333644454815161	0.6666888896296543	0.0	0.0	27.334244474815826	0.6666888896296543	0.0	27.334244474815826	8.000266675555851	10.900363345444848	5.333511117037235	6.430214340478016	4.000133337777926	0.0	0.0
chr10:3830001-4780000	0.08421061495854205	3.789477673134393	0.0	30.610558537430038	0.0	18.88412514118436	0.0	0.1473685761774486	0.42105307479271026	0.35789511357380377	28.800030315821385	0.0	0.1684212299170841	16.673701761791328	0.06315796121890654	0.0
chr10:62090001-62330000	0.16666736111400463	3.083346180609086	0.16666736111400463	24.66676944487269	0.5000020833420139	10.250042708511286	0.08333368055700231	0.0	6.666694444560186	0.5000020833420139	23.733015554231475	2.433343472264468	3.8333493056221064	16.75006979195747	7.1666965279022	0.0
chr10:87550001-88350000	0.2500003125003906	2.875003593754492	0.17500021875027344	10.65001331251664	0.22500028125035154	17.925022406278007	0.7500009375011719	0.17500021875027344	0.8500010625013281	1.5500019375024219	20.269650337062924	3.9250049062561327	16.855271069088836	17.07502134377668	4.650005812507266	1.8000022500028123
chr10:88840001-89300000	0.6086969754282074	1.9130476370600804	0.21739177693864553	9.739151606851319	0.7391320415913947	22.87874538857693	0.3913051984895619	0.0869567107754582	5.608707845017054	2.3913095463251004	20.43482703223268	6.30436153122072	10.69567542538136	13.599377389950847	3.913051984895619	0.4782619092650201
chr10:89560001-89780000	0.18181900826821942	2.818194628157401	0.45454752067054854	3.0909231405597297	0.0	7.090941322460556	1.7272805785480843	0.0	0.8181855372069873	2.454556611620962	18.65553934336065	4.3636561984372655	32.181964463474834	10.090954958886176	15.253251151141598	0.8181855372069873
chr11:103070001-103160000	0.0	0.0	0.4444493827709197	0.0	0.6666740741563795	1.7777975310836789	2.0000222224691386	5.111167901865576	15.77795308836765	4.888943210480116	5.777841976021956	5.111167901865576	32.30035889287659	0.0	25.476949743886045	0.6666740741563795
chr11:116880001-116960000	0.3537544219302741	0.25000312503906297	0.0	0.0	0.0	23.750296878710984	2.7500343754296925	1.7500218752734407	0.0	1.0000125001562519	7.750096876210953	11.250140626757835	22.89528619107739	16.250203127539095	11.00013750171877	1.0000125001562519
chr11:11890001-11970000	1.0000125001562519	0.0	0.0	0.0	0.0	1.250015625195315	5.500068750859385	0.0	0.0	0.0	1.0000125001562519	9.000112501406267	58.06572582157277	6.183827297841224	17.750221877773473	0.25000312503906297
chr11:128170001-128390000	0.45454752067054854	3.727289669498498	0.0	21.04327746944304	0.0	17.727353306151393	0.0	0.45454752067054854	2.5454661157550715	0.2727285124023291	19.865544843385653	0.0	0.0	33.90924504202292	0.0	0.0
chr11:132900001-133120000	0.18181900826821942	7.497761353460699	0.5454570248046582	4.090927686034936	2.272737603352742	8.1382188100855	0.0	0.2727285124023291	40.727457852081145	0.2727285124023291	24.818294628611948	0.0	0.0	11.181869008495493	0.0	0.0
chr11:21130001-21220000	0.0	7.49563884043156	0.0	0.0	0.0	3.5555950621673578	0.0	2.666696296625518	0.22222469138545986	0.0	83.8375981955355	0.0	0.0	2.2222469138545984	0.0	0.0
chr11:34080001-34150000	0.0	0.0	0.28571836740524864	0.0	0.0	1.1428734696209946	56.28651837883398	0.0	0.0	3.1429020414577353	0.857155102215746	3.352905041500593	32.93189902712896	0.0	2.0000285718367405	0.0
chr11:70500001-70700000	0.20000100000500004	19.900099500497504	0.10000050000250002	5.200026000130001	3.3000165000825006	12.052560262801313	0.0	0.0	38.9001945009725	0.7000035000175	9.000045000225002	0.0	0.20000100000500004	7.900039500197501	2.3470117350586754	0.20000100000500004
chr11:85610001-86010000	0.30000075000187504	4.000010000025	0.30025075062687656	11.950029875074687	0.9500023750059375	17.900044750111878	3.0500076250190626	1.100002750006875	4.800012000030001	3.3500083750209373	21.138802847007117	2.8000070000175	15.210788026970068	8.800022000055	4.350010875027188	0.0
chr12:103910001-104140000	0.3478275992504315	1.9130517958773734	0.695655198500863	5.487415162674621	0.6086982986882552	5.043500189131257	10.69569867695077	1.0434827977512946	8.869603780886004	6.086982986882552	10.686133417971384	5.391327788381688	27.565337240596698	5.913069187257336	9.652215879199474	0.0
chr12:104740001-105000000	0.15384674556440603	5.846176331447428	0.46154023669321803	5.769252958665225	0.384616863911015	17.230835503213473	1.2992357662914087	3.6923218935457442	5.307712721972008	1.3846207100796541	35.153981361466776	0.6923103550398271	4.461555621367774	12.392739972076816	5.769252958665225	0.0
chr12:31690001-32210000	0.3461545118355997	12.769255325491011	0.26923128698324417	8.423093121332926	0.15384644970471095	16.30772366869936	1.038463535506799	0.15384644970471095	0.15384644970471095	2.2692351331444867	20.923117159840693	2.5769280325539086	12.871947830668907	14.538489497095187	2.3461583579968424	4.8586631897369035
chr12:43700001-43860000	0.12500078125488284	2.125013281333008	0.750004687529297	5.250032812705079	0.3750023437646485	7.750048437802737	1.6250101563134771	0.0	5.500034375214844	4.000025000156251	19.874499215620098	3.50002187513672	30.125188282426762	7.125044531528323	11.500071875449223	0.3750023437646485
chr12:45830001-46090000	0.15384674556440603	12.531971276812603	0.23077011834660902	2.8461647929415115	0.0	4.307708875803368	4.3846322485855715	0.384616863911015	4.307708875803368	1.8461609467728721	15.006211562352162	5.000019230843195	34.38474763364475	3.2307816568525265	9.69234497055758	1.6923142012084662
chr12:59480001-59730000	0.0	5.280021120084481	0.24000096000384002	4.640018560074241	0.0	7.2000288001152	0.0	1.6872067488269953	2.000008000032	0.8000032000128001	48.79259517038068	0.0	4.56001824007296	15.6000624002496	7.5200300801203195	1.68000672002688
chr12:62380001-62600000	0.36363801653643885	6.909122314192337	0.18181900826821942	0.7272760330728777	0.7272760330728777	1.5454615702798649	2.818194628157401	1.1818235537434263	4.545475206705484	1.6363710744139746	12.727330578775359	1.8181900826821942	42.7361033459243	2.5363751653416604	18.09099132268783	1.4545520661457554
chr12:64410001-64490000	0.0	0.0	0.25000312503906297	0.0	0.0	1.0000125001562519	20.250253128164104	0.0	0.0	4.500056250703134	0.25000312503906297	4.750059375742197	63.4995437442968	0.0	3.5000437505468813	2.0000250003125037
chr12:71670001-71970000	0.46666822222740745	1.600005333351111	0.40000133333777776	6.6666888889629625	0.06666688888962963	9.533365111217037	1.466671555571852	0.0	11.126703755679186	2.333341111137037	20.473068243560814	3.200010666702222	26.266754222514077	4.866682888942963	7.600025333417778	3.9333464444881483
chr12:75270001-76260000	0.1616163248649746	3.818185674935025	0.3232326497299492	26.66669360272081	0.34343469033807106	17.472744921964566	0.6060612182436548	1.9191938577715735	1.2323244770954316	1.5555571268253807	28.688816857390766	1.272728558311675	4.585863218043654	10.444454994398985	0.6666673400680203	0.2424244872974619
chr12:91850001-91980000	0.0	3.5384887576058275	0.0	14.76934437957215	0.0	18.30783313717798	0.0	0.3076946745744198	0.0	0.0	35.864122031707936	0.0	0.0	27.212517019361687	0.0	0.0
chr12:92400001-92650000	0.48000192000768005	4.08001632006528	0.0	10.64004256017024	0.0	27.679710718842877	0.0	0.16000064000256	0.32000128000512	2.4000096000384	18.880075520302082	0.0	0.0	35.36014144056576	0.0	0.0
chr12:9770001-9940000	0.35294325260736825	8.235342560838593	2.000011764775087	5.52944429084877	0.11764775086912276	14.235377855163852	0.0	0.941182006952982	11.409478879287525	0.5882387543456138	29.88252872075718	0.11764775086912276	4.941205536503156	19.648939111406538	1.1764775086912276	0.8235342560838594
chr13:102610001-102920000	0.4516143600463227	3.8064638918190057	0.3225816857473734	3.9354965661179553	0.4516143600463227	11.483908012606491	6.402923880399614	0.3225816857473734	6.000019354901145	2.580653485978987	12.435523985561243	3.8064638918190057	32.70978293478366	5.741954006303246	7.483895109339063	2.0645227887831896
chr13:110080001-110600000	0.3076928994094219	1.500002884620932	0.26923128698324417	12.48983171121483	1.0769251479329767	13.76925724857163	3.692314792913063	0.26923128698324417	3.57692995563453	2.1538502958659533	4.163854161258002	24.1923542160658	21.96158069534749	5.61539541422195	4.461547041436618	0.5000009615403107
chr13:41820001-41990000	0.35294325260736825	1.2941252595603505	0.11764775086912276	3.058841522597192	0.0	11.176536332566663	0.8235342560838594	2.352955017382455	1.0588297578221049	1.2941252595603505	24.940734945499678	3.1764892734663146	21.41189065818034	5.764739792587015	18.82364013905964	4.352966782157542
chr13:42150001-42410000	0.23077011834660902	0.9230804733864361	0.15384674556440603	3.5384751479813383	0.07692337278220301	7.461567159873692	2.0769310651194814	0.6923103550398271	4.84617248527879	1.076927218950842	18.61545621329313	3.6923218935457442	23.84624556248293	15.6150600579233	17.15391213043127	0.0
chr13:46240001-46400000	0.87500546878418	4.625028906430665	0.0	9.75006093788086	1.8750117188232427	19.50012187576172	0.0	0.5400033750210939	15.000093750585942	0.750004687529297	19.50012187576172	0.87500546878418	2.750017187607422	15.584472402952517	8.125050781567385	0.2500015625097657
chr13:48500001-48980000	0.5000010416688367	14.66669722228588	0.12500026041720919	14.750030729230687	0.29166727430682143	21.791712066066804	0.0	0.20833376736201534	6.666680555584491	2.1250044270925565	22.333379861208044	0.4450009270852648	1.0547938641538837	13.208360850751772	1.833337152785735	0.0
chr13:50000001-50100000	0.0	0.0	0.8000080000800007	0.6000060000600006	0.0	1.4000140001400014	3.863038630386304	0.0	0.0	6.400064000640006	3.800038000380004	15.400154001540015	55.93655936559365	1.2000120001200012	9.000090000900009	1.6000160001600015
chr13:73770001-74590000	0.14634164188005108	2.8048814693676456	0.19512218917340143	8.170741671636184	0.21951246282007664	6.8780571683624006	0.0	3.195125847714449	2.9923207223423445	0.8292693039869561	28.02442442002978	3.707321594294627	25.024420761488734	14.788066814715627	2.048782986320715	0.9756109458670071
chr13:77380001-77620000	0.5833357638990163	1.333338888912037	0.08333368055700231	8.94337059737749	0.0	17.16673819474248	0.0	1.6666736111400464	17.25007187529948	0.16666736111400463	31.083462847761865	0.0	0.0	21.72300717919658	0.0	0.0
chr13:79340001-79590000	0.32000128000512	3.6000144000576	0.08000032000128	4.48001792007168	0.32000128000512	9.654038616154464	2.3200092800371204	1.2000048000192	3.8400153600614404	2.96001184004736	17.2000688002752	7.5200300801203195	33.46573386293545	5.76002304009216	5.600022400089601	1.68000672002688
chr14:30510001-30650000	0.2857163265451896	2.4285887756341116	0.4285744898177844	2.142872449088922	0.0	6.142901020721577	2.5714469389067065	0.0	12.709376495546396	3.8571704083600595	9.85721326580904	4.714319387995629	42.718876563404024	3.428595918542275	6.000042857448982	2.7143051021793014
chr14:34740001-35080000	0.0	0.9411792387624669	0.11764740484530836	3.2353036332459806	0.0	3.5882458477819053	4.294130276853755	0.5273544922190948	0.0	3.117656228400672	18.764761072826687	4.470601384121718	44.29601263533128	3.294127335668634	12.470624913602688	0.8823555363398128
chr14:50390001-50820000	0.41860562466424345	3.3488449973139476	0.37209388859043857	4.883732287749506	0.5581408328856579	7.832808913509101	3.4883802055353614	0.6046525689594626	3.1162863169449233	2.1860515954688267	11.813980962746424	10.093046728015647	34.09310254209893	6.399549766394806	8.88374159009672	1.9069811790259978
chr14:51870001-52240000	0.2702710007324344	6.756775018310861	0.054054200146486875	13.83787523750064	0.7027046019043295	9.459485025635205	1.405409203808659	2.5405474068848832	8.486509422998441	1.2973008035156852	15.297338641455788	3.0270352082032654	10.378406428125482	20.59437998481077	4.270281811572463	1.6216260043946065
chr14:52970001-53190000	0.18181900826821942	4.636384710839595	0.18181900826821942	12.818240082909469	0.0	8.363674380338093	0.36363801653643885	0.0	1.0000045454752067	1.4545520661457554	26.54512065963936	2.3636471074868526	16.181891735871528	10.181864463020286	11.000050000227274	4.727294214973705
chr14:58090001-58630000	0.22222263374561804	0.40740816186696643	0.7777792181096632	5.592602949264721	0.3333339506184271	5.370380315519103	7.148161385484047	1.1851873799766295	5.962974005507418	3.1481539780629224	16.518549108424274	2.25926344308045	30.555612140022482	7.1479761999559255	12.814838545997306	0.5555565843640451
chr14:60050001-60210000	0.3750023437646485	2.750017187607422	0.3750023437646485	4.000025000156251	0.0	8.000050000312502	3.50002187513672	1.2500078125488283	6.1250382814892586	3.7500234376464854	23.624522653266585	5.500034375214844	24.375152344702155	10.625066406665042	5.750035937724611	0.0
chr14:67930001-68510000	0.13793127229529706	5.669320119517447	0.0	14.468473221505555	0.0	36.79316688477049	0.0	1.310347086805322	0.0	1.6551752675435647	16.620718311583296	0.0	0.0	23.20693656368373	0.034482818073824265	0.1034484542214728
chr14:70950001-71110000	0.6250039062744142	0.12500078125488284	0.0	0.12500078125488284	0.0	1.500009375058594	7.573172332327077	1.375008593803711	0.0	0.0	5.000031250195313	5.375033593959962	52.176576103600645	8.375052344077151	12.125075781723636	5.625035156469728
chr15:25140001-25240000	0.0	90.54790547905479	0.0	0.0	0.0	0.0	0.0	0.0	0.0	0.0	9.45209452094521	0.0	0.0	0.0	0.0	0.0
chr15:26330001-26460000	0.0	28.61560473542104	0.0	0.4615420118616297	0.0	0.4615420118616297	0.0	0.0	0.0	0.0	69.53822721713244	0.0	0.0	0.9230840237232594	0.0	0.0
chr15:27470001-27970000	0.0	33.28006656013312	0.0	2.88000576001152	0.0	3.64000728001456	0.0	0.32000064000128	0.24000048000096	0.0	52.15990431980864	0.0	0.0	7.480014960029919	0.0	0.0
chr15:52560001-52730000	0.0	0.35294325260736825	0.35294325260736825	5.52944429084877	0.2352955017382455	8.115930093706433	2.7058982699898237	0.0	4.70591003476491	3.764728027811928	14.117730104294731	4.5894387614044785	37.41198477638103	5.8823875434561375	12.235366090388768	0.0
chr15:55170001-55250000	0.5000062500781259	0.750009375117189	0.25000312503906297	1.2512656408205103	0.0	16.74770934636683	3.750046875585945	0.0	0.0	4.250053125664071	10.750134376679709	3.000037500468756	26.250328129101614	8.500106251328141	24.00030000375005	0.0
chr15:56630001-56780000	0.13333422222814817	1.0666737778251854	0.40000266668444456	4.9333662224414825	0.0	8.666724444829633	1.6000106667377783	0.13333422222814817	0.40000266668444456	1.7333448889659264	18.39945599637331	3.2000213334755565	29.200194667964453	10.666737778251854	19.20012800085334	0.26666844445629634
chr15:87860001-88300000	0.18181859504226147	18.90913388439519	0.0	4.636374173577668	1.3181848140563956	6.181832231436889	0.0	0.5909104338873497	19.643453735122122	0.09090929752113074	28.765519921636184	0.0	0.0	17.909131611662755	1.7727313016620492	0.0
chr15:90410001-90450000	0.0	0.0	0.0	0.0	0.0	9.000225005625142	9.080227005675141	0.0	0.0	2.5000625015625393	2.9175729393234833	21.500537513437838	51.5012875321883	0.0	3.5000875021875544	0.0
chr16:19850001-20390000	0.29629684499415737	19.592628875238656	0.07407421124853934	3.0370426611901133	0.9259276406067418	7.3333469136053955	0.0	0.14814842249707869	24.85189787388495	0.5185194787397754	35.578214033729694	1.5185213305950567	0.07407421124853934	5.7407513717617995	0.3105561306595012	0.0
chr16:49510001-49850000	0.23529480969061672	3.294127335668634	0.23529480969061672	10.647090138500408	0.647060726649196	17.56211047679552	0.0	0.0	18.823584775249337	1.1176503460304295	7.58825761252239	0.8823555363398128	0.4117659169585792	25.529486851431916	12.378859937823346	0.647060726649196
chr16:5900001-6010000	0.0	23.99930908462804	0.0	0.5454595041773107	0.0	5.454595041773107	0.0	0.0	4.000036363966945	0.0	61.81874380676188	0.0	0.0	4.181856198692715	0.0	0.0
chr16:6160001-6730000	0.03508778085575589	15.333360233965324	0.0	0.21052668513453532	0.2807022468460471	3.75439255156588	0.0	0.315790027701803	1.7543890427877944	0.0	68.9824017235118	0.0	0.0	9.333349707631065	0.0	0.0
chr17:11360001-11850000	0.08163281965881564	22.653107455321337	0.12244922948822345	0.2857148688058547	0.2448984589764469	2.122453311129206	0.0	0.7755117867587485	1.3469415243704579	0.04081640982940782	68.04075110357368	0.0	0.0	4.285723032087821	0.0	0.0
chr17:40630001-40950000	0.4375013671917725	3.5625111328472903	0.2500007812524414	6.375019921937255	1.3750042968884277	14.00004375013672	2.2334444795139983	0.0	55.93767480523376	1.5625048828277588	6.000018750058594	0.8125025390704347	3.6250113281604004	2.7037584492451536	1.0625033203228762	0.06250019531311035
chr17:48260001-48370000	1.124555677778889	0.0	0.0	0.0	0.18181983472577024	12.000109091900836	0.0	0.0	78.32980299820908	0.18181983472577024	0.9090991736288513	0.0	0.36363966945154047	4.727315702870026	2.181838016709243	0.0
chr18:10050001-10360000	0.0	7.483895109339063	0.0	23.22652653718238	0.387098022896848	21.93555463082139	0.0	0.5161306971957974	8.645189178029607	0.06451633714947468	19.095868051187264	0.0	0.0	18.64522143619818	0.0	0.0
chr18:12790001-13210000	0.47619160998002374	4.523820294810226	0.380953287984019	2.190481405908109	0.5238107709780261	5.571441836766278	8.238114852654412	0.5711918361710385	9.809547165588489	2.380958049900119	9.952404648582498	5.523822675768276	34.19055759656571	4.952392743792247	9.00002142862245	1.7142897959280856
chr18:23650001-23930000	0.42857295918914	2.071435969414176	0.14285765306304665	10.428608673602406	1.4285765306304665	28.298315351126252	0.0	0.0	15.285768877745992	0.5714306122521866	16.214343622655793	0.5000017857206632	2.7142954081978865	10.701466790952825	11.214325765449162	0.0
chr18:34950001-35520000	0.42105337026907064	5.017552662373092	0.49122893198058243	7.33334619885298	0.2807022468460471	20.24564955377115	1.894740166210818	1.6491257002205266	5.824571622055477	3.333339181296809	18.140207263521514	3.964919236700416	10.66668538014979	12.842127793206654	2.7368469067489594	5.157903785796115
chr18:37130001-37490000	0.6666685185236626	3.1111197531104255	0.2777785493848594	5.333348148189301	3.333342592618313	4.934180372723258	0.0	1.7222270061861282	53.722371451031805	0.16666712963091565	17.121158669885194	0.0	0.05555570987697188	8.055577932160924	1.444448456801269	0.05555570987697188
chr18:62090001-62290000	0.5000025000125	0.5000025000125	0.20000100000500004	2.1000105000525	0.0	2.80001400007	2.00001000005	0.5000025000125	0.0	2.1000105000525	17.600088000440003	3.1000155000775003	41.40020700103501	2.5000125000625	23.499617498087492	1.2000060000300001
chr18:78280001-78540000	0.0	40.230923965092174	0.0	0.76923372782203	0.46154023669321803	1.076927218950842	0.0	0.384616863911015	1.076927218950842	0.0	52.84597248450955	0.0	0.0	3.1538582840703233	0.0	0.0
chr2:101670001-101700000	0.0	9.333644454815161	2.000066668888963	16.000533351111702	0.0	16.000533351111702	0.0	0.0	0.6666888896296543	10.207006900230008	37.79125970865695	0.0	0.0	8.000266675555851	0.0	0.0
chr2:119000001-119200000	0.20000100000500004	9.600048000240001	0.0	2.2000110000550004	1.9000095000475004	5.100025500127501	0.0	3.1115155575777877	61.88830944154721	0.0	12.100060500302503	0.0	0.0	3.9000195000975006	0.0	0.0
chr2:144210001-144320000	0.0	8.545532232111201	0.0	8.727352066836971	0.0	13.454667769706996	0.0	0.0	0.0	0.36363966945154047	33.48394076309785	0.0	10.697369976090691	19.636542150383185	3.090937190338094	2.0000181819834726
chr2:159840001-159980000	0.4285744898177844	0.5714326530903792	0.2857163265451896	1.8571561225437325	0.714290816362974	15.571539796712832	0.0	1.0000071429081636	7.000050000357145	0.5714326530903792	16.07940056714691	0.2857163265451896	19.00013571525511	11.28579489853499	25.348752491089222	0.0
chr2:160980001-161220000	0.08333368055700231	3.750015625065104	0.16666736111400463	13.583389930791379	0.0	11.250046875195313	1.0833378472410302	3.333347222280093	2.250009375039063	1.0833378472410302	21.703423764265683	3.5000145833940977	16.462985262438593	18.250076041983508	2.666677777824074	0.8333368055700232
chr2:167940001-168620000	0.1764708477512467	4.088241306237215	0.26470627162687005	4.852948313159284	0.029411807958541113	12.483694828962983	0.11764723183416445	1.0882368944660212	1.0882368944660212	1.000001470590398	17.869143925211656	8.558836115935463	23.94121167825247	12.852960077882466	10.176485553655226	1.4117667820099735
chr2:170990001-171140000	0.0	0.0	0.0	0.13333422222814817	0.0	0.5333368889125927	2.93335288901926	0.0	0.0	0.13333422222814817	1.3333422222814817	6.206708044720298	75.86717244781632	0.9333395555970373	8.59272395149301	3.333355555703705
chr2:174840001-175240000	0.3500008750021875	1.40000350000875	0.20000050000125	6.517766294415736	1.60000400001	9.80002450006125	1.5500038750096876	0.8500021250053126	9.00002250005625	1.5500038750096876	17.2320430801077	2.8500071250178127	24.250060625151562	10.100025250063126	12.000030000075	0.7500018750046875
chr2:177270001-177590000	0.31250097656555176	2.2500070312719727	0.06250019531311035	8.125025390704346	0.0	13.584729952281101	0.2500007812524414	0.06250019531311035	1.2275038359494874	1.5625048828277588	19.75006171894287	3.2500101562817387	22.000068750214844	8.75002734383545	14.812546289207154	4.0000125000390625
chr2:181170001-181290000	0.0	5.000041667013892	0.0	4.77253977116476	0.0	9.666747222893523	0.0	2.166684722372686	0.1666680555671297	0.0	32.50027083559029	0.0	0.0	44.39370328086068	1.3333444445370377	0.0
chr2:200360001-200590000	0.3478275992504315	2.782620794003452	0.3478275992504315	2.0000086956899814	0.26087069943782365	8.521776181635571	3.739146691942139	1.8260948960647654	4.000017391379963	2.260879395127805	6.521767485945591	10.782655576763377	35.772329444910625	3.618711385701677	14.78267296814334	2.434793194753021
chr2:213090001-213160000	0.5714367348104973	0.0	1.714310204431492	0.7485821226017515	0.0	12.000171431020442	0.0	0.0	0.0	4.857212245889227	2.5714653066472377	0.5714367348104973	2.6786096944242064	74.28677552536465	0.0	0.0
chr2:231040001-231160000	0.3333361111342594	0.0	0.3333361111342594	4.333369444745372	2.166684722372686	8.500904174201452	9.333411111759265	0.0	2.7366894724122703	3.166693055775465	3.3333611113425947	10.761756347969566	42.33368611405095	1.8333486112384272	7.833398611655097	3.000025000208335
chr2:23750001-23900000	0.40000266668444456	0.40000266668444456	0.0	1.3333422222814817	0.0	5.333368889125927	4.0000266668444455	1.0666737778251854	0.13333422222814817	0.0	8.13338755591704	3.0666871112474086	41.11360742404949	4.400029333528891	29.28619524130161	1.3333422222814817
chr2:27650001-28100000	0.26666725926057616	2.9777843950764336	0.0	14.88892197538217	0.4000008888908642	22.266716148258105	2.1777826172947052	0.4444454321009602	1.5111144691432647	2.6666725926057615	22.1482714406032	2.6222280493956656	12.162693694874879	8.800019555599011	6.000013333362963	0.6666681481514404
chr2:37410001-37710000	0.06666688888962963	3.7333457778192596	0.3333344444481482	23.133077110257034	0.0	19.33339777799259	1.266670888902963	2.4666748889162964	0.533335111117037	1.7333391111303706	21.93340644468815	6.066686888956296	0.6666688888962964	18.733395777985926	0.0	0.0
chr2:48090001-48340000	0.16000064000256	7.280029120116481	0.32000128000512	12.320049280197122	0.0	28.720114880459523	0.0	1.44000576002304	1.28000512002048	2.3200092800371204	28.720114880459523	4.48001792007168	4.61561846247385	8.344033376133504	0.0	0.0
chr2:60890001-60990000	0.0	0.0	0.0	1.4000140001400014	0.0	12.000120001200013	4.200042000420004	1.6000160001600015	0.0	0.0	12.399123991239911	3.0000300003000033	27.400274002740026	13.600136001360013	24.000240002400027	0.40000400004000036
chr2:69700001-69880000	0.44444691359396443	0.44444691359396443	0.11111172839849111	4.444469135939643	0.11111172839849111	19.444552469735942	5.11113950633059	0.0	0.0	4.333357407541153	9.00005000027778	9.888943827465708	32.295734976305425	4.70391502175012	9.444496913871744	0.22222345679698222
chr2:86330001-86640000	0.2580653485978987	6.5558275994438695	0.9032287200926454	1.7419411030358163	1.0967777315410696	8.709705515179081	6.8387317378443155	0.7096797086442215	16.540698518382317	2.4516208116800375	14.19359417288443	4.193561914715854	19.548450156290826	8.064542143684335	4.258078251865329	3.9354965661179553
chr20:34390001-34510000	0.1666680555671297	0.0	0.0	0.0	0.0	0.3333361111342594	15.166793056608805	0.0	0.0	0.0	0.3333361111342594	10.660922174351454	63.172193101609174	0.0	6.833390278252319	3.3333611113425947
chr20:56710001-57000000	0.0	6.984851671902318	0.0	14.8966030917348	3.034493222390422	13.724185255811229	0.0	0.0	46.256366401263456	0.20689726516298332	11.241418073855428	0.0	0.0	3.655185017879372	0.0	0.0
chr20:61240001-61740000	0.20000040000080002	43.399886799773604	0.12000024000048	9.44001888003776	1.44000288000576	10.4000208000416	0.0	0.52000104000208	13.8000276000552	0.04000008000016	9.12001824003648	0.0	3.000006000012	5.6000112000224	2.48000496000992	0.44000088000176
chr21:14380001-14570000	0.21052742382854644	5.368449307627935	0.21052742382854644	2.8421202216853776	0.0	16.274296180506212	0.10526371191427322	1.0526371191427324	0.8421096953141858	1.4736919667998254	37.579145153395544	0.46210769530365947	8.315833241227585	17.368512465855083	6.421086426770667	1.4736919667998254
chr21:15630001-15880000	0.16000064000256	1.36000544002176	0.56000224000896	7.312029248116993	0.0	8.72003488013952	1.04000416001664	0.24000096000384002	2.56001024004096	1.04000416001664	21.120084480337923	8.72003488013952	30.687722750891005	6.32002528010112	8.64003456013824	1.52000608002432
chr21:25440001-25690000	0.0	7.280029120116481	0.56000224000896	6.2400249600998405	0.72000288001152	5.84002336009344	1.12000448001792	0.8000032000128001	3.7600150400601597	1.7600070400281602	32.11492845971384	1.84000736002944	7.724830899323597	25.76010304041216	4.48001792007168	0.0
chr21:28570001-29540000	0.20618577957296863	4.49474690180093	0.37113440323134356	19.010431969517494	0.1237114677437812	12.680322350847783	2.515466510790217	2.1855692634734676	0.7628873844199839	2.0000020618577956	24.214148674380077	3.0515495376799358	12.536301583816064	11.125887758647174	4.288664215117747	0.4329901371032341
chr22:26870001-27290000	0.047619160998002376	6.1426336729373165	0.0	10.952407029540547	3.1428646258681567	9.381212812411457	0.0	0.09523832199600475	54.419653380127095	0.28571496598801427	7.484779725666013	0.0	0.0	7.952637982471387	0.09523832199600475	0.0
chr22:27500001-27720000	0.09090950413410971	6.179573543516107	0.0	10.817776444438385	1.3636425620116455	13.181423551925237	0.0	0.0	39.02654102973195	1.4490974958977085	7.9032177418988265	0.0	0.0	17.003713653243878	2.367283487652217	0.0
chr22:32670001-32870000	0.30000150000750003	4.200021000105	0.20000100000500004	39.70669853349267	1.2000060000300001	6.7000335001675	0.4000020000100001	0.0	3.5000175000875005	1.2000060000300001	8.100040500202502	9.799548997744989	12.800064000320003	9.99354996774984	1.9000095000475004	0.0
chr22:33420001-33620000	0.30000150000750003	3.9920199600998005	0.0	16.800584002920015	0.0	15.800079000395002	0.0	0.4000020000100001	1.400007000035	0.5000025000125	29.106645533227667	0.0	0.4000020000100001	22.800614003070017	8.300041500207502	0.20000100000500004
chr22:34050001-34210000	0.5000031250195314	20.375127344545906	0.0	0.0	0.0	2.0000125000781255	0.0	0.0	2.125013281333008	0.0	73.1248320302002	0.0	0.0	1.8750117188232427	0.0	0.0
chr3:105620001-106420000	0.0	4.300005375006719	0.15000018750023436	10.019387524234405	0.07500009375011718	9.674637093296367	0.5000006250007812	1.950002437503047	0.0	0.5500006875008593	33.48091685114606	2.875003593754492	12.25001531251914	19.42502428128035	3.950004937506172	0.8000010000012501
chr3:111930001-112090000	0.5000031250195314	1.75001093756836	0.3750023437646485	9.375058594116213	2.6250164063525396	14.500090625566408	1.0000062500390627	0.0	6.2500390627441424	2.6250164063525396	16.220101375633597	4.154400965006031	20.250126563291023	10.125063281645511	10.250064062900394	0.0
chr3:112270001-112640000	0.3783794010254082	3.4054146092286732	0.2702710007324344	6.000016216260044	1.093786739964162	15.837880642920657	0.86486720234379	0.2162168005859475	3.189197808642726	2.1081138057129882	14.527606831369816	4.32433601171895	19.675728853321225	21.135192257276373	6.324341417138965	0.6486504017578426
chr3:149730001-150050000	0.4375013671917725	5.687517773493042	0.3750011718786621	7.183459948312339	0.5000015625048828	6.875021484442138	0.5625017578179932	1.1875037109490967	7.941274816483801	2.5625080078375246	20.062562695508422	3.312510351594849	21.7500679689624	5.125016015675049	11.062534570420532	5.375016796927491
chr3:156480001-156560000	0.25000312503906297	1.500018750234378	0.25000312503906297	6.500081251015638	0.0	18.50023125289066	6.500081251015638	0.0	8.000100001250015	3.5000437505468813	12.500156251953149	7.250090626132827	6.500081251015638	25.999074988437354	2.7500343754296925	0.0
chr3:156590001-157070000	0.0	4.958343663215965	0.08333350694480614	13.541694878530997	0.25000052083441837	18.539413623778383	1.2500026041720922	3.166673263902633	3.458340538209455	2.1250044270925565	32.66881806003762	2.7916724826510055	3.5833407986266637	12.666693055610532	0.8750018229204645	0.04166675347240307
chr3:15670001-15810000	0.1428581632725948	0.2857163265451896	0.0	0.1428581632725948	0.0	5.285752041086008	4.142886734905249	0.4285744898177844	0.0	3.000021428724491	2.4285887756341116	16.362259730426647	56.92326373759813	0.5714326530903792	5.000035714540818	5.285752041086008
chr3:160210001-160630000	0.28571496598801427	3.761913718842188	0.33333412698601667	3.904771201836195	0.761906575968038	6.904778344710344	3.4285795918561712	1.142859863952057	7.8600187143302715	3.1428646258681567	20.42576291848314	3.2857221088621635	24.571487074969227	7.095254988702354	12.285505441679623	0.8095257369660405
chr3:16330001-16660000	0.18181873278403873	2.1212185491471183	0.1212124885226925	7.212143067100203	0.0	11.426398261812915	0.4242437098294237	0.242424977045385	10.96973021130367	0.9090936639201938	16.1212609735181	10.66669898999694	23.42188915723987	12.78791753914406	2.181824793408465	1.2121248852269249
chr3:16740001-16900000	0.12500078125488284	2.750017187607422	0.8743804648779055	10.748817180107375	0.12500078125488284	21.05138157113482	0.0	3.2500203126269542	9.011306320664504	1.8750117188232427	23.374521090756815	0.3750023437646485	0.5000031250195314	25.567034793967462	0.0	0.0
chr3:171390001-171450000	0.0	2.000033333888898	0.0	1.6666944449074153	0.0	32.333872231203856	0.0	1.6666944449074153	0.0	0.0	7.315121918698645	3.3333888898148305	33.35055584259738	16.333605560092668	0.0	2.000033333888898
chr3:182760001-182870000	0.0	2.181838016709243	0.5454595041773107	1.2727388430803916	0.0	6.373694306311875	2.363657851435013	0.0	12.181928926626606	2.5454776861607833	7.81825289320812	5.636414876498877	48.353166846971334	1.4545586778061619	9.090991736288512	0.18181983472577024
chr3:187950001-188080000	0.1538473372872099	1.5384733728720992	0.0	15.07703905414657	0.0	34.923345564196644	0.0	0.6153893491488396	0.6153893491488396	0.4615420118616297	18.298602296940746	0.0	0.0	28.316371664397415	0.0	0.0
chr3:45660001-46120000	0.2608701323263746	2.7391363894269336	0.2608701323263746	5.62870788849541	0.3913051984895619	17.28416800906089	7.173928638975302	0.1304350661631873	14.695684121052437	1.7826125708968934	5.0869675803643055	11.043502268483191	14.13046550101196	14.478292344113791	4.739140737262472	0.1739134215509164
chr3:7290001-7680000	0.0	7.4871986851248336	0.0	1.5384654832448288	0.0	7.846173964548626	0.0	0.5128218277482763	0.0	0.0	75.64096318195688	0.0	0.0	6.974376857376558	0.0	0.0
chr4:105150001-105300000	0.0	2.8000186667911118	0.0	2.1333475556503707	0.26666844445629634	6.533376889179261	3.466689777931853	0.0	2.4000160001066675	0.02800018666791112	9.30472869819132	5.86670577803852	51.4670097800652	1.2000080000533337	11.73341155607704	2.8000186667911118
chr4:113510001-113820000	0.06451633714947468	1.9354901144842402	0.06451633714947468	2.838718834576886	0.0	12.064555046951764	0.2580653485978987	0.5806470343452721	0.0	1.548392091587392	10.580679292513846	10.903260978261219	46.91724812015522	6.630989132223007	5.290339646256923	0.3225816857473734
chr4:122170001-122360000	0.0	0.0	0.0	0.10526371191427322	0.0	0.6315822714856394	6.210559002942121	0.21052742382854644	0.0	0.0	4.421075900399476	0.5263185595713662	61.157690303633174	0.4210548476570929	26.31592797856831	0.0
chr4:13020001-13190000	0.0	11.05888858169754	0.0	1.6470685121677189	0.0	2.000011764775087	0.0	1.2941252595603505	0.2352955017382455	0.0	71.39747880869888	0.0	0.0	12.367131571362185	0.0	0.0
chr4:152030001-152630000	0.1666669444449074	3.133338555564259	0.10000016666694445	7.133345222242037	0.46666744444574076	11.50001916669861	0.2000003333338889	0.4000006666677778	10.333350555584259	0.9666682777804629	15.374525624209372	3.3666722777871296	25.0920418200697	18.86669811116352	2.366670611117685	0.5333342222237037
chr4:188180001-188740000	0.0	12.793772846022938	0.0714286989798196	8.92858737247745	0.1428573979596392	5.714295918385568	0.0	2.285718367354227	0.2857147959192784	0.0	62.349039908999835	0.0	0.0714286989798196	6.392868558693856	0.9642874362275646	0.0
chr4:35940001-36320000	0.0	2.4210590027868495	0.47368545706699233	1.3157929362972007	0.0	16.52635927989284	0.052631717451888035	0.6315806094226564	0.3684220221632162	0.1578951523556641	34.83614430564291	1.6842149584604171	13.526351385135223	13.058455416987941	14.105300277105993	0.8421074792302086
chr4:38490001-38650000	0.0	1.6250101563134771	0.0	12.000075000468753	0.0	28.999556247226543	0.0	0.0	8.250051562822268	1.375008593803711	25.875161719760747	0.0	0.12500078125488284	20.875130469565434	0.87500546878418	0.0
chr4:38770001-39430000	0.18181845730069288	2.848489164377522	0.48484921946851434	9.030468227982164	0.18181845730069288	11.726987465132522	3.454550688713165	1.5757599632726715	2.303033792475443	1.3333353535384145	15.575781175426023	5.181826033069747	24.69700711667745	5.030310651985836	14.666688888922558	1.7272753443565825
chr4:56370001-56670000	0.20000066666888888	4.466681555605185	0.6666688888962964	5.40001800006	1.8000060000200002	5.666685555618519	3.200010666702222	0.733335777785926	16.666722222407408	4.333347777825926	16.00005333351111	2.933343111143704	28.74442914809716	4.18868062893543	5.000016666722223	0.0
chr4:67530001-67730000	0.10000050000250002	2.00001000005	0.4000020000100001	1.7000085000425003	0.0	7.300036500182501	3.1000155000775003	0.0	0.4000020000100001	2.3000115000575003	10.5000525002625	4.200021000105	38.64069320346602	12.800064000320003	13.200066000330002	3.359016795083975
chr4:70610001-71000000	0.10256436554965526	0.15384654832448288	0.5128218277482763	4.615396449734487	0.5641040105231039	8.461560157846558	3.333341880363796	0.8717971071720697	1.046669350434232	4.051292439211383	18.41030361616312	7.435916502350006	32.183928676740194	11.282080210462079	6.410272846853453	0.5641040105231039
chr4:77680001-77790000	0.0	0.0	0.0	4.000036363966945	0.0	5.636414876498877	1.0909190083546214	1.2727388430803916	3.495486322602933	0.0	11.272829752997755	2.363657851435013	38.322166565150596	9.636451240465822	19.091082646205876	3.818216529241175
chr4:80030001-80460000	0.27907041644282893	5.162802704192336	0.27907041644282893	12.186074851336864	4.511638399159068	12.697703948148718	0.09302347214760964	1.1162816657713157	15.023290751838958	1.7209342347307786	23.023309356533385	3.209309789092533	9.126765411082351	11.152118958416182	0.32558215251663375	0.09302347214760964
chr4:80490001-80600000	0.0	4.000036363966945	0.0	7.4546132237565805	0.0	3.272757025063864	0.0	0.0	27.272975208865535	0.0	39.04944590405368	0.0	0.0	18.950172274293404	0.0	0.0
chr4:88990001-89300000	0.5161306971957974	4.064529240416904	0.4516143600463227	5.290339646256923	0.3225816857473734	17.612960041806584	0.2580653485978987	2.6451698231284615	10.77422830396227	1.2258104058400188	24.451691779650904	1.2258104058400188	6.000019354901145	19.54812757460508	3.8709802289684805	1.7419411030358163
chr5:100640001-100980000	0.05882370242265418	5.352956920461531	0.4117659169585792	5.705899134997456	0.23529480969061672	11.000032353036332	0.0	5.000014705925605	0.7647081314945045	0.7647081314945045	39.588057611934154	0.05882370242265418	4.176482872008447	18.941232180094648	7.58825761252239	0.3529422145359251
chr5:102700001-103010000	0.12903267429894935	1.2903267429894936	0.193549011448424	4.709692611911652	0.6451633714947468	11.806489698353866	0.2580653485978987	0.9677450572421201	1.3548430801389681	1.0322613943915948	23.192010296807407	3.5483985432211074	23.03233236236246	13.677463475688631	13.130364936661085	1.0322613943915948
chr5:123430001-123670000	0.25000104167100695	5.583356597319156	0.33333472222800925	3.4558477326988863	0.0	9.627123446347694	0.08333368055700231	0.9166704861270256	6.333359722332177	0.8333368055700232	25.666773611556714	1.6666736111400464	27.66678194492477	8.25003437514323	8.666702777928242	0.6666694444560185
chr5:131540001-131700000	0.12500078125488284	0.6250039062744142	0.2500015625097657	0.12500078125488284	0.0	4.625028906430665	2.0000125000781255	0.0	0.0	2.125013281333008	3.50002187513672	13.000081250507817	45.750285939287124	10.441315258220364	11.93319958249739	5.500034375214844
chr5:143200001-143620000	0.0	2.190481405908109	0.28571496598801427	16.05575251369646	0.0	18.571472789220927	0.23809580499001187	0.047619160998002376	0.23809580499001187	2.2381005669061116	17.27742208910021	8.952402267624446	17.00004047628685	14.285748299400714	0.8095257369660405	1.8095281179240905
chr5:16840001-17010000	0.0	1.6470685121677189	0.2352955017382455	16.941276125153678	2.1176595156442097	9.647115571268067	0.0	0.2352955017382455	4.117671280419296	1.1764775086912276	10.887711104182966	19.411878893405255	28.994288201695305	2.9411937717280687	0.0	1.6470685121677189
chr5:174250001-175080000	0.2891569748879216	11.879532384978777	0.0722892437219804	20.216891827580515	2.120484482511425	5.5662717665924895	0.0	1.2284352149821867	25.180753229823168	0.12048207286996732	27.542201858074527	0.0	0.0	5.783500943977041	0.0	0.0
chr5:40250001-40540000	0.0	7.205886916851438	0.0	9.034513912116939	0.0	20.48282925113535	0.0	3.5862192628250438	0.9655205707605888	0.0	39.55255018120752	0.0	0.0	19.17247990510312	0.0	0.0
chr5:54830001-55040000	0.47619274377497034	6.190505669074615	0.09523854875499407	16.870556526459648	1.4285782313249111	17.23817732465393	0.0	0.0	24.666784127543465	0.09523854875499407	20.476287982323726	0.09523854875499407	0.0	12.367201748579754	0.0	0.0
chr5:65970001-66070000	0.0	0.0	0.0	0.0	0.0	0.0	4.000040000400004	0.0	0.0	0.0	5.600056000560006	7.971079710797108	77.80077800778008	0.0	3.028030280302803	1.6000160001600015
chr5:68260001-68360000	0.20000200002000018	2.000020000200002	0.0	14.828148281482814	0.8000080000800007	26.600266002660028	1.800018000180002	0.0	0.20000200002000018	2.6000260002600024	17.40017400174002	18.80018800188002	7.600076000760008	6.171061710617106	1.000010000100001	0.0
chr5:75330001-75540000	0.0	1.0476240363049347	0.3809541950199763	1.1304815737217797	0.0	4.285734693974733	5.3333587302796674	0.0	0.0	3.7143034014447682	4.761927437749704	6.666698412849585	51.53595969504616	1.9047709750998814	11.523864399354283	7.714322449154521
chr5:79270001-79730000	0.1304350661631873	3.9565303402833485	0.2608701323263746	6.82610179587347	0.7391320415913947	7.744147269885369	1.6086991493459768	1.0434805293054985	1.5217424385705187	1.173915595468686	27.69571238198344	1.304350661631873	21.38613344811619	9.869586673014506	13.782638657910127	0.9565238185300402
chr5:86960001-87430000	0.21276641014129818	2.7234100498086167	0.08510656405651927	11.361726301545321	0.0	9.872361430556236	2.0000042553282027	3.1914961521194725	3.535539437317952	1.3617050249043083	28.76218885572097	3.9149019465998864	20.85110819384722	9.702148302443197	1.8297911272151641	0.5957459483956349
chr5:94590001-94890000	0.2666675555585185	2.000006666688889	0.13333377777925925	2.6666755555851855	0.0	7.066690222300741	0.20000066666888888	1.266670888902963	3.5333451111503704	0.8000026666755555	24.666415554718515	1.1333371111237036	11.800039333464445	17.666725555751853	22.400074666915557	4.266680888936296
chr5:95480001-96020000	0.14814842249707869	0.9259276406067418	0.4444452674912361	12.407430384130341	0.8888905349824722	18.888923868377532	1.6296326474678657	0.0	0.7037050068611238	3.5555621399298887	14.019285220898558	9.851870096055732	24.425045231565242	5.074083470524945	6.518530589871463	0.5185194787397754
chr5:96560001-96880000	0.3750011718786621	0.9375029296966554	0.6875021484442139	9.375029296966552	0.0	21.562567383023072	3.7500117187866215	0.2796883740261688	0.9375029296966554	2.499695311547849	12.37503867199585	9.470029593842481	26.000393751230472	10.062531445410768	1.6875052734539795	0.0
chr6:105260001-105840000	0.24137972651676987	6.241390071362192	0.1034484542214728	16.58623549350947	0.0	18.055893199815863	1.689658085617389	1.4137955410267948	1.8620721759865104	0.4137938168858912	24.03452419745551	3.0689708085703598	10.068982877556685	11.737089201877934	3.931041260415966	0.5517250891811882
chr6:105950001-106050000	0.0	8.200082000820007	0.20000200002000018	17.80017800178002	5.200052000520005	12.475124751247513	0.0	0.0	24.800248002480025	2.000020000200002	21.60021600216002	0.0	0.0	7.524075240752408	0.20000200002000018	0.0
chr6:11890001-12220000	0.06060624426134625	1.6363685950563485	0.6060624426134624	9.696999081815399	0.0	15.575804775165986	1.2121248852269249	0.242424977045385	0.4242437098294237	1.757581083579041	25.575532047066808	6.727293113009433	19.21217943084676	11.272761432610402	4.121224609771545	1.8787935721017335
chr6:127930001-128010000	0.0	2.7500343754296925	0.0	6.000075000937512	0.0	6.000075000937512	0.750009375117189	3.0675383442293027	0.25000312503906297	0.0	22.431530394129926	5.00006250078126	10.250128126601583	26.75033437917974	16.75020937761722	0.0
chr6:129850001-130080000	0.08695689981260787	2.7191422571402484	0.8695689981260788	10.347871077700338	0.0	11.652224574889456	1.2173965973765104	1.8260948960647654	7.217422684446455	0.695655198500863	34.34797542598012	0.4347844990630394	12.410923525754459	10.087000378262514	6.086982986882552	0.0
chr6:135190001-135900000	0.28169053759230644	3.2676102360707553	0.05633810751846129	11.492973933766104	0.22535243007384517	12.647905137894561	0.19718337631461452	2.225355246979221	1.5492979567576857	0.5070429676661516	34.52652750215141	0.6478882364623049	6.76916446361192	14.535231739763013	9.690154493175344	1.3802836342023017
chr6:137180001-137310000	0.3076946745744198	13.586258355833506	0.1538473372872099	7.230824852498865	0.0	30.5671582089093	2.1538627220209388	0.0	6.000046154201186	3.0769467457441984	11.692397633827953	3.2307940830314084	7.384672189786075	12.307786982976793	0.4615420118616297	1.8461680474465187
chr6:137470001-137750000	0.7142882653152333	6.357165561305576	0.0	7.000025000089286	2.642866581666363	16.12041471576684	0.0	0.9285747449098032	31.593684263158085	0.21428647959457	14.714338265493806	0.0	0.0	19.714356122700437	0.0	0.0
chr6:143430001-143890000	0.1739134215509164	2.869571455590121	0.3478268431018328	7.391320415913947	0.43478355387729106	14.56524905488925	2.9565281663655787	0.3913051984895619	1.0869588846932277	2.0000043478355387	16.334165943839007	4.230878762779919	22.86961493394551	10.956545557707734	11.13045897925865	2.260874480161913
chr6:144420001-144900000	0.20833376736201534	2.458338454871781	0.0	2.361671586815806	0.0	10.58335538199038	2.9583394965406176	0.0	0.5416677951412399	0.5000010416688367	9.875020572959526	3.3750070312646487	36.80486834347572	8.166683680591001	19.875041406336262	2.291671440982169
chr6:145800001-145970000	0.2352955017382455	1.529420761298596	0.2352955017382455	3.41178477520456	0.0	4.8235577856340335	4.8235577856340335	3.9623762492720545	0.5882387543456138	4.2353190312884195	15.529503114724205	4.117671280419296	36.390214060082705	10.823593079959295	7.764751557362103	1.529420761298596
chr6:154130001-154230000	0.6000060000600006	0.6000060000600006	0.0	2.000020000200002	0.0	12.135121351213513	0.0	1.800018000180002	8.000080000800008	0.0	16.664166641666416	0.20000200002000018	14.000140001400013	21.00021000210002	21.60021600216002	1.4000140001400014
chr6:161420001-162170000	0.16000021333361777	10.986681315575089	0.026666702222269627	8.635611514148685	0.13333351111134814	6.853342471123295	0.0	1.2000016000021334	1.226668302224403	0.10666680888907851	58.320077760103686	0.0	0.0	12.324283099044132	0.026666702222269627	0.0
chr6:162190001-162340000	0.0	8.533390222601483	0.0	3.0666871112474086	0.0	1.46667644450963	0.0	0.8000053333688891	0.0	0.0	67.75511836745578	0.0	0.0	18.378122520816806	0.0	0.0
chr6:163720001-164230000	0.11764728950448922	11.176492502926475	0.0	12.117670818962392	0.47058915801795687	10.70590334490852	0.0	1.0588256055404028	8.705899423332204	0.11764728950448922	33.5749677940545	0.0	0.0	21.954356773248577	0.0	0.0
chr6:167980001-168180000	0.10000050000250002	18.200091000455	0.10000050000250002	11.059555297776487	2.6000130000650006	9.940049700248501	0.0	0.0	38.500192500962505	0.6000030000150001	8.100040500202502	0.0	0.0	10.800054000270002	0.0	0.0
chr6:39660001-39960000	0.13333377777925925	1.5333384444614815	0.2666675555585185	7.333357777859259	1.266670888902963	25.866752889176297	1.1333371111237036	1.066670222234074	8.333361111203704	0.8666695555651853	14.466381554605181	6.133353777845926	7.000023333411111	18.266727555758518	6.333354444514814	0.0
chr6:45460001-45640000	0.0	2.2222345679698217	0.0	18.520658448102488	0.5555586419924554	18.00010000055556	0.0	0.0	1.1111172839849108	0.0	13.666742593014405	3.5555753087517155	14.478969327607375	16.88898271657065	10.777837654653636	0.22222345679698222
chr6:47440001-47620000	0.0	1.7777876543758577	0.0	0.8888938271879289	0.0	5.5555864199245555	2.00001111117284	1.222229012383402	0.44444691359396443	2.111122839571331	13.111183951021951	5.5555864199245555	48.4091578286546	3.2572403180017666	11.777843210240055	3.888910493947188
chr6:79910001-80050000	0.2857163265451896	3.714312245087465	0.2857163265451896	2.7143051021793014	2.2857306123615166	4.571461224723033	0.0	2.7143051021793014	10.285787755626826	2.142872449088922	20.083714883677743	1.5714397959985429	24.42874591961371	15.058678990564218	9.85721326580904	0.0
chr6:83050001-83260000	0.5714312925299644	0.47619274377497034	0.3809541950199763	2.380963718874852	0.0	4.571450340239715	4.66668888899471	0.0	0.9523854875499407	2.8571564626498223	14.666260315525312	3.0476335601598104	40.285906123362494	5.238120181524674	19.619141043528778	0.2857156462649822
chr6:85470001-85640000	0.0	0.941182006952982	0.0	1.2941252595603505	0.0	2.588250519120701	12.422426014270673	0.0	0.0	1.882364013905964	5.294148789110524	6.165330384296378	48.823816610685945	0.470591003476491	18.235401384714027	1.882364013905964
chr6:95540001-95630000	0.0	2.444471605240058	0.6666740741563795	6.222291358792875	0.0	4.444493827709197	0.0	0.8888987655418394	1.1111234569272992	3.5555950621673578	43.47048300536673	2.444471605240058	15.33350370559673	11.862354026155845	6.222291358792875	1.333348148312759
chr7:105080001-105240000	0.12500078125488284	0.0	0.0	0.0	0.0	4.500028125175783	6.595041219007619	0.0	0.0	0.0	2.5000156250976566	17.25010781317383	61.1547572172326	1.1250070312939457	6.1250382814892586	0.6250039062744142
chr7:10940001-11190000	0.0	2.3200092800371204	0.40000160000640006	2.000008000032	0.0	2.4800099200396803	0.64000256001024	1.28000512002048	5.68002272009088	1.1088044352177409	27.85091140364562	0.9600038400153601	22.72009088036352	4.32001728006912	27.200108800435203	1.04000416001664
chr7:116810001-117160000	0.5714302040862974	1.6571475918502623	0.11428604081725947	5.142871836776677	0.22857208163451895	16.441475547072994	0.9714313469467056	0.17142906122588922	4.057154449012711	1.8857196734847814	15.085757387878251	8.85716816333761	31.942948408424026	8.244023554353012	3.4857242449264145	1.1428604081725948
chr7:12110001-12290000	0.11111172839849111	3.9033550186389925	0.3333351851954733	5.0000277779321	0.7777820987894377	8.429491274951527	0.11111172839849111	4.555580864338135	11.666731481841566	1.222229012383402	39.77799876665982	0.3333351851954733	8.333379629886831	11.333396296646093	3.444463580353224	0.6666703703909466
chr7:131220001-131440000	0.36363801653643885	6.363665289387679	0.09090950413410971	9.45458842994741	0.0	10.909140496093164	0.5454570248046582	1.9090995868163037	0.6363665289387679	1.836371983509016	16.818258264810297	7.636398347265215	31.708780494456796	5.454570248046582	4.454565702571375	1.8181900826821942
chr7:157930001-158210000	0.0	82.5385090661038	0.0	2.642866581666363	0.5000017857206632	1.5714341836935133	0.0	1.5714341836935133	1.1428612245043732	0.0	9.03288940317644	0.0	0.0	1.0000035714413265	0.0	0.0
chr7:34030001-34150000	0.3333361111342594	4.500037500312502	0.0	22.67685564046367	0.0	16.000133334444453	0.0	0.0	0.6666722222685189	0.0	16.989308244235367	0.1666680555671297	1.0000083334027783	24.16686805723381	13.333444445370379	0.1666680555671297
chr7:36250001-36460000	0.2857156462649822	2.380963718874852	0.2857156462649822	5.61907437654465	0.3809541950199763	17.33341587340892	0.3809541950199763	0.5714312925299644	8.000038095419502	3.1428721089148044	17.713893875685123	4.380973242729727	22.38105895742361	9.238139229234426	7.047652607869562	0.8571469387949466
chr7:36570001-36740000	0.2352955017382455	3.058841522597192	0.0	1.6500097059394467	0.0	36.7060982711663	0.0	1.6470685121677189	0.35294325260736825	0.11764775086912276	5.294148789110524	0.0	2.9411937717280687	18.114224201318834	28.70605121206595	1.1764775086912276
chr7:3970001-4510000	0.07407421124853934	38.96322030225982	0.0	6.518530589871463	0.11111131687280902	5.222231893022024	0.0	1.4074100137222476	4.000007407421125	0.1851855281213484	29.93172209578166	0.0	0.0	8.290200537408403	4.851860836779327	0.4444452674912361
chr7:7210001-7370000	0.0	2.8750179688623057	0.0	12.375077344233402	0.0	16.999481246757792	0.2500015625097657	3.8750242189013684	5.625035156469728	0.0	23.000143750898445	3.7500234376464854	18.750117188232426	10.125063281645511	1.6250101563134771	0.750004687529297
chr7:7710001-8150000	0.09090929752113074	2.9090975206761835	0.31818254132395757	7.909108884338374	0.0	14.636396900902046	0.2727278925633922	0.7272743801690459	0.0	1.1363662190141341	24.272782438141903	1.0909115702535688	8.091154752624439	26.908697519767088	9.590930888479292	2.0454591942254416
chr7:87770001-87810000	0.5000125003125079	2.0000500012500315	0.0	8.000200005000126	0.0	2.5000625015625393	0.0	8.500212505312634	9.002725068126702	0.0	66.20915522888072	0.0	0.0	3.2875821895547386	0.0	0.0
chr7:92000001-92470000	0.1276598460847789	2.0425575373564624	0.29787297419781744	3.2766027161759923	0.21276641014129818	5.702139791786791	4.936180715278118	1.1063853327347506	2.7234100498086167	2.3829837935825395	12.80853789050615	2.765963331836876	41.890514660669496	2.127664101412982	14.705137670505684	2.893623177921655
chr7:92520001-92920000	0.3500008750021875	3.700009250023125	0.500001250003125	2.650006625016563	0.3500008750021875	10.900027250068126	2.3500058750146877	0.20000050000125	2.150005375013438	3.20000800002	11.028527571318929	19.421298553246384	34.55008637521594	3.750009375023437	3.3500083750209373	1.5500038750096876
chr7:98340001-98830000	0.3673476884646703	17.7551382757924	0.2040820491470391	5.346949687652424	1.8769426060053183	8.326547605199194	0.0	0.2448984589764469	25.841481309145532	0.32653127863526255	28.47148667650342	0.2040820491470391	6.874911989616306	4.081028736793341	0.04081640982940782	0.0
chr8:100180001-100280000	0.0	0.20000200002000018	0.8000080000800007	4.400044000440005	0.20000200002000018	7.571075710757108	1.6000160001600015	3.0000300003000033	4.200042000420004	0.8000080000800007	21.200212002120022	6.600066000660007	25.228252282522824	7.000070000700006	17.20017200172002	0.0
chr8:1170001-1360000	0.0	51.639745472344586	0.0	3.7479144627076986	0.10526371191427322	0.3157911357428197	0.0	2.0000105263711916	0.21052742382854644	0.0	39.03652124484866	0.0	0.0	2.4231706482665696	0.0	0.0
chr8:124940001-125220000	0.2857153061260933	7.142882653152332	0.35714413265761663	4.428587244954446	0.0	16.28541530505466	7.571455612341473	0.64285943878371	2.5000089286033167	3.1428683673870266	9.357176275629556	4.928589030675109	31.42868367387026	4.50001607148597	6.0714502551794824	1.3571477040989433
chr8:125710001-126150000	0.31818254132395757	7.146379878136086	0.0	8.1363821281412	0.0	4.545464876056537	0.0	1.7727313016620492	25.171648117382084	0.0	33.18189359521271	0.0	0.09090929752113074	19.13640712819802	0.22727324380282682	0.2727278925633922
chr8:131850001-132010000	0.12500078125488284	1.6250101563134771	0.12500078125488284	4.87503046894043	0.0	7.625047656547854	1.0000062500390627	5.125032031450197	4.750029687685548	2.2500140625878915	10.375064844155276	9.62506015662598	38.77961737260858	5.970037312733205	7.750048437802737	0.0
chr8:138610001-138700000	0.8888987655418394	21.603573373037477	0.0	2.0000222224691386	0.0	5.5556172846364955	0.0	0.0	1.7777975310836789	0.0	62.17402415582395	0.0	0.0	6.000066667407416	0.0	0.0
chr8:138710001-139310000	0.30000050000083334	27.199878666464443	0.06666677777796297	1.5333358888931483	0.3333338888898148	5.6666761111268515	0.0	0.46666744444574076	15.56669261115435	0.0	43.600072666787774	0.0	0.0	5.266675444459074	0.0	0.0
chr8:141900001-142260000	0.0	68.05546682074117	0.0	2.0000055555709877	0.44444567901577503	5.5555709876971875	0.0	0.0	14.611151697643605	0.0	8.388912191422754	0.0	0.0	0.9444470679085221	0.0	0.0
chr8:28870001-29040000	0.11764775086912276	0.11764775086912276	0.35294325260736825	0.35294325260736825	0.0	8.588285813445962	0.470591003476491	0.8235342560838594	0.0	1.7647162630368414	7.764751557362103	8.588285813445962	48.352637368455106	10.000058823875435	10.941240830828416	1.7647162630368414
chr8:58470001-58900000	0.27907041644282893	2.8372159005020943	0.13953520822141446	9.627929367277599	0.0	15.488408112577007	1.813957706878388	1.1627934018451205	5.730245884292754	1.5348872904355593	21.11632817750739	3.906985830199605	14.511661655027105	15.61840841490329	5.767455273151798	0.46511736073804827
chr8:59030001-59170000	0.0	2.5714469389067065	0.714290816362974	5.000035714540818	1.5714397959985429	19.885856327545195	0.0	1.2564375459824713	2.4285887756341116	2.5714469389067065	23.42873877670555	0.714290816362974	14.57153265380467	22.714447960342575	0.4285744898177844	2.142872449088922
chr8:70290001-70710000	0.14285748299400713	2.9523879818761474	0.5714299319760285	6.904778344710344	0.23809580499001187	9.857166326586492	2.0952430839121043	3.761913718842188	8.904783106626445	1.761908956926088	20.77028754830369	4.666677777804233	26.190538548901305	7.134302700720715	3.333341269860166	0.7142874149700357
chr8:95020001-95160000	0.2857163265451896	2.4285887756341116	0.714290816362974	5.571468367631197	1.1428653061807583	24.693747812484375	1.8571561225437325	0.0	1.1428653061807583	3.5714540818148706	13.428667347623913	6.000042857448982	27.28590918506561	6.85719183708455	4.142886734905249	0.8771491224937321
chr9:117370001-117990000	0.06451623309069854	3.8064577523512133	0.32258116545349264	6.677591415470024	1.1290340790872244	11.483889490144339	0.0	1.2580665452686215	13.935506347590884	0.22580681581744486	47.451689438208774	0.1935486992720956	1.1612921956325735	12.19324547297657	0.0967743496360478	0.0
chr9:1230001-1450000	0.0	7.818217355533434	0.0	0.36363801653643885	0.0	1.8181900826821942	0.0	3.0909231405597297	3.0000136364256202	0.0	68.45440206546394	0.0	0.0	15.45461570279865	0.0	0.0
chr9:134680001-135330000	0.18461566863949022	25.514808484320746	0.09230783431974511	2.492311526633118	2.2153880236738828	6.8923182958743014	0.0	0.307692781065817	30.55389315983563	0.0	3.938467597642458	13.138481751510387	6.054317006641549	2.8000043076989347	5.107700165692563	0.7076933964513792
chr9:71600001-72000000	0.2500006250015625	2.3790059475148686	0.20000050000125	6.300015750039376	0.0	15.450038625096562	2.100005250013125	1.2207530518826297	0.8500021250053126	2.8500071250178127	17.700044250110626	9.700024250060626	22.850057125142815	11.150027875069688	4.550011375028438	2.4500061250153125
chr9:85610001-85730000	0.5000041667013891	1.5000125001041675	0.1666680555671297	0.0	0.0	13.166776389803248	0.5000041667013891	0.0	0.0	0.07000058333819448	12.3334361119676	0.9291744097867483	27.500229168576407	3.8333652780439835	38.66698889157409	0.8333402778356487
chr9:92290001-92410000	0.1666680555671297	5.500045833715281	0.5000041667013891	1.8333486112384272	0.0	13.000108334236119	6.500054167118059	0.0	0.0	5.166709722581022	19.333494445787046	2.166684722372686	21.097675813965118	11.235093625780216	12.00010000083334	1.5000125001041675
